0 0 0 0 0
0 0 0 0 0
0 0 0 0 0
0 0 0 0 0
0 0 0 0 0
0 0 0 0 0
0 0 0 0 0
0 0 0 0 0
0 0 0 0 0
0 0 0 0 0
0 0 0 0 0
0 0 0 0 0
0 0 0 0 0
0 0 0 0 0
0 0 0 0 0
0 0 0 0 0
0 0 0 0 0
0 0 0 0 0
0 0 0 0 0
0 0 0 0 0
0 0 0 0 0
0 0 0 0 0
0 0 0 0 0
0 0 0 0 0
0 0 0 0 0
0 0 0 0 0
0 0 0 0 0
0 0 0 0 0
0 0 0 0 0
0 0 0 0 0
0 0 0 0 0
1150 3 719 5446 8001
7923 1290 6031 2535 18
263 4188 4628 4067 203
463 3968 775 3728 2304
1491 2197 1471 1372 4353
7748 3098 78 8288 3223
396 4274 4702 1510 5012
6068 3881 476 8851 655
325 2224 1356 7743 8933
1367 1340 2516 7550 2133
520 9134 6070 3918 770
200 6095 5988 4251 4176
424 2552 3493 4426 8107
100 7365 5949 5725 6659
250 9127 2339 9152 4275
974 6284 3227 5711 2005
6399 2938 5114 2401 1125
6086 2761 407 9966 4155
8363 7855 199 3245 8710
4359 1949 2978 5503 2938
8036 3436 2309 962 8474
5061 857 9159 1469 9112
968 4671 7782 3113 5041
3090 2578 6156 7916 1519
4865 2958 7356 6336 1186
3072 5372 2361 6706 3391
8976 3847 1629 5183 4298
2785 6929 2610 3340 7553
6862 754 6712 7704 5138
7966 1181 4767 8354 3841
7636 2075 6179 1916 9060
2464 9281 2051 5404 8204
1142 3904 9025 6515 8219
822 6330 8106 7688 6686
3382 9550 1227 5703 9924
7025 8817 9964 682 7206
7422 4724 7999 1703 6548
8593 2719 3586 6018 7040
9659 8505 2993 7541 2263
9778 7316 1474 9909 4388
8211 8852 8566 6881 5561
8756 8774 5657 4284 3161
5732 4260 3678 9497 6953
5886 6497 6690 7662 3127
3803 8271 7957 9789 2570
8360 4324 6952 6793 4395
9339 9680 4451 3161 7720
8883 9502 8487 7212 1984
6415 6403 9641 9356 3094
9866 5013 6233 7755 5552
